A=
     -15.2      -3.94       1.46      -3.26 
      1.03       2.23       4.96       19.2 
     -10.9       18.5      -6.17       15.8 
     -9.49      -14.7         -5       4.09 

B=
   -0.0565   0.000763    -0.0125  -0.000384 
   0.00624     -0.011      0.025    -0.0399 
     0.075     0.0615    -0.0427    -0.0643 
   -0.0171     0.0373    0.00879     0.0212 

AB=
         1  -2.91e-16   -5.2e-17  -5.55e-17 
 -2.22e-16          1          0   1.67e-16 
  5.55e-17   1.11e-16          1   1.67e-16 
  1.39e-16    2.5e-16   1.25e-16          1 

Off diagonal elements not necesarily 0 due to tiny numerical instability caused by rounding errors

After rounding we get:

AB=
         1          0          0          0 
         0          1          0          0 
         0          0          1          0 
         0          0          0          1 

Check passed: AB=I as wished