Randomly generated symmetric square matrix A=

      11.5       6.56       8.55       14.4       19.7 
      6.56       15.8       18.1       13.7       5.16 
      8.55       18.1       11.1       7.57       13.7 
      14.4       13.7       7.57       7.04       6.12 
      19.7       5.16       13.7       6.12       11.1 

D=

     -12.1          0   6.65e-11   1.17e-12   2.71e-13 
         0      -8.97   3.34e-12  -4.28e-16  -3.82e-19 
  6.65e-11   3.34e-12       4.67   1.94e-17          0 
  1.17e-12  -4.28e-16   1.94e-17       15.9  -7.11e-09 
  2.71e-13  -3.82e-19          0  -7.11e-09         57 

V=

     0.651      0.174     -0.275       -0.5      0.469 
   -0.0217      0.597    -0.0663      0.651      0.464 
     0.258     -0.584       0.55      0.268      0.467 
    -0.384     -0.473     -0.688     0.0757      0.387 
    -0.602      0.219       0.38     -0.499      0.444 

V(^T)AV=

     -12.1  -4.44e-16   6.65e-11   1.17e-12   2.76e-13 
 -1.33e-15      -8.97   3.33e-12  -7.11e-15  -1.85e-14 
  6.65e-11   3.33e-12       4.67  -5.55e-16  -5.44e-15 
  1.17e-12  -6.44e-15   8.88e-16       15.9  -7.11e-09 
  2.75e-13  -1.87e-14  -7.11e-15  -7.11e-09         57 

Obtained eigenvalues of A:

-12.079 -8.970 4.668 15.854 57.035 

Diagonalization succesfull: Completed in 6 iterations
