sin(0) = 0 & cos(0) = 1

sin(1) = 0.841470984807897 & cos(1) = 0.54030230586814

sin(2) = 0.909297426825682 & cos(2) = -0.416146836547142

sin(4) = -0.756802495307928 & cos(4) = -0.653643620863612

sin(5) = -0.958924274663138 & cos(5) = 0.283662185463226

