A=
      7.97      -2.79       16.4       14.8       7.87 
     -19.5       4.46       19.5      -11.3      -12.9 
     0.228       5.46      -4.98      -6.63       0.64 
      17.3      -17.7       18.6      -12.5      -2.92 
     -7.05       8.93        3.5      -17.1      -8.89 
     -4.95      -2.73      -12.1       18.4       17.6 
      4.15       11.9      -18.2      -5.73         17 

QR-decomposition by modified Gram-Schmidt orthogonalization:

Q=
     0.276     0.0587      0.553      0.749      0.172 
    -0.674     -0.262      0.453    -0.0918       0.38 
   0.00789      0.281     0.0447     -0.143     0.0294 
     0.599     -0.458       0.24     -0.464      0.392 
    -0.244      0.274      0.318     -0.313     0.0358 
    -0.172     -0.262     -0.568      0.289      0.583 
     0.144      0.704    -0.0745     -0.113      0.574 
R=
      28.9      -14.3        1.1       4.35       10.7 
         0       19.8      -22.7      -5.86       10.2 
         0          0       31.5      -15.7      -16.2 
         0          0          0       30.2       14.3 
         0          0          0          0         15 
QR=
      7.97      -2.79       16.4       14.8       7.87 
     -19.5       4.46       19.5      -11.3      -12.9 
     0.228       5.46      -4.98      -6.63       0.64 
      17.3      -17.7       18.6      -12.5      -2.92 
     -7.05       8.93        3.5      -17.1      -8.89 
     -4.95      -2.73      -12.1       18.4       17.6 
      4.15       11.9      -18.2      -5.73         17 

Check passed: A=QR as wished

transpose(Q)Q=
 (Tiny numeric instability is shown)
         1   1.53e-16   1.08e-16   1.28e-16   2.36e-16 
  1.53e-16          1  -2.78e-17          0          0 
  1.08e-16  -2.78e-17          1  -1.73e-17   1.32e-16 
  1.28e-16          0  -1.73e-17          1   4.16e-17 
  2.36e-16          0   1.32e-16   4.16e-17          1 

Lower Triangular entries:

R[1,0]=0

R[2,0]=0

R[3,0]=0

R[4,0]=0

R[2,1]=0

R[3,1]=0

R[4,1]=0

R[3,2]=0

R[4,2]=0

R[4,3]=0

R is upper triangular

Part 2:

A=
      19.8       19.4       4.65      -8.91 
      14.1       -1.1       19.8      -8.32 
     -2.75      -3.79      -1.66       4.55 
     -15.7       6.12       9.54      -12.8 

b=10.658 -14.408 13.046 10.414 

x=-2.144 5.110 4.167 7.342 

Ax=10.658 -14.408 13.046 10.414 

Check passed: Ax=b as wished