int1=-3.99976355149072
int2=1.77245411516459
int3=1.00000061826311 with p=1
int3=2.0000004650009 with p=2
int3=6.0000093452743 with p=3
int3=24.0002229627897 with p=4
int3=120.004869606834 with p=5
